1 0.64974 0.301915 0.083854 0.111895 0.677043 0.323128 1 0.62173 0.266473 1 0 0 0 0 0 0
1 0.619531 0.332157 0.086979 0.123992 0.649813 0.356151 1 0.597239 0.292434 1 0 0 0 0 0 0
1 0.588021 0.360383 0.1 0.132056 0.619283 0.385845 1 0.572288 0.322117 1 0 0 0 0 0 0
1 0.564583 0.396673 0.097917 0.138105 0.588542 0.418579 1 0.540865 0.354218 1 0 0 0 0 0 0
1 0.50625 0.927923 0.222917 0.142137 0.458079 0.945638 1 0.573679 0.922281 1 0 0 0 0 0 0
0 0.53151 0.428931 0.091146 0.150202 0.555043 0.461052 1 0.507102 0.383156 1 0 0 0 0 0 0
0 0.496094 0.475302 0.093229 0.160282 0.518348 0.502291 1 0.473958 0.42325 1 0 0 0 0 0 0
0 0.457813 0.516129 0.088542 0.179435 0.475734 0.549258 1 0.435488 0.459907 1 0 0 0 0 0 0
0 0.414583 0.566028 0.088542 0.19254 0.432038 0.597733 1 0.392022 0.498156 1 0 0 0 0 0 0
3 0.531346 0.476497 0.393519 0.504966 0.350623 0.513385 1 0.421499 0.701488 1 0.707674 0.336234 1 0.623698 0.247757 1
