0 0.500521 0.923891 0.227083 0.146169 0.452998 0.948097 1 0.574314 0.918593 1 0 0 0 0 0 0
0 0.497656 0.475806 0.092188 0.15121 0.519903 0.504032 1 0.473865 0.419427 1 0 0 0 0 0 0
0 0.567708 0.400706 0.086458 0.128024 0.590123 0.420327 1 0.54176 0.356423 1 0 0 0 0 0 0
0 0.592448 0.357359 0.089063 0.138105 0.620946 0.385008 1 0.569486 0.321627 1 0 0 0 0 0 0
0 0.622656 0.333669 0.084896 0.120968 0.647455 0.358448 1 0.596307 0.293256 1 0 0 0 0 0 0
1 0.644531 0.293347 0.089063 0.125 0.674588 0.321627 1 0.623441 0.268507 1 0 0 0 0 0 0
1 0.532813 0.432964 0.0875 0.148185 0.556176 0.46353 1 0.505952 0.393325 1 0 0 0 0 0 0
1 0.456771 0.504536 0.096875 0.180444 0.478516 0.548135 1 0.434803 0.459929 1 0 0 0 0 0 0
1 0.417969 0.57006 0.093229 0.186492 0.435268 0.600338 1 0.394345 0.503132 1 0 0 0 0 0 0
3 0.529514 0.475667 0.382543 0.509826 0.351097 0.510333 1 0.423177 0.703845 1 0.709207 0.339132 1 0.624064 0.247984 1
