2 0.354167 0.28125 0.226042 0.280242 0 0 0 0 0 0 0 0 0 0 0 0
0 0.50651 0.932964 0.167187 0.132056 0.458714 0.946868 1 0.575584 0.921051 1 0 0 0 0 0 0
0 0.413802 0.569556 0.095312 0.185484 0.435603 0.603195 1 0.391163 0.495814 1 0 0 0 0 0 0
0 0.45599 0.519153 0.106771 0.175403 0.480893 0.551148 1 0.433622 0.457464 1 0 0 0 0 0 0
0 0.567969 0.398185 0.088021 0.143145 0.59157 0.420757 1 0.541752 0.352275 1 0 0 0 0 0 0
1 0.496094 0.469758 0.092188 0.157258 0.523919 0.505128 1 0.472401 0.419114 1 0 0 0 0 0 0
1 0.535417 0.43498 0.103125 0.170363 0.556754 0.465134 1 0.506369 0.385694 1 0 0 0 0 0 0
1 0.595052 0.364415 0.089063 0.136089 0.621575 0.385146 1 0.572039 0.321594 1 0 0 0 0 0 0
1 0.621354 0.327621 0.088542 0.129032 0.65073 0.355014 1 0.597232 0.295297 1 0 0 0 0 0 0
3 0.528865 0.478595 0.375292 0.497437 0.351817 0.513346 1 0.423149 0.702906 1 0.709324 0.33803 1 0.624123 0.247085 1
